{
 "cells": [
  {
   "cell_type": "code",
   "execution_count": 107,
   "id": "dbe9806f",
   "metadata": {},
   "outputs": [
    {
     "name": "stdout",
     "output_type": "stream",
     "text": [
      "   -0.005763  -0.026772  -0.08766   0.026042  -0.00365  -0.074595  -0.057377  \\\n",
      "0   0.058059   0.113269  0.175373   0.096116  0.076657   0.120327   0.010870   \n",
      "1  -0.037039   0.035610 -0.026984  -0.077318 -0.144086  -0.012513  -0.053763   \n",
      "2   0.055546  -0.002807  0.093801   0.044626  0.089131   0.062302   0.011364   \n",
      "3   0.037787   0.035890  0.021626   0.163150  0.064524   0.053678   0.024719   \n",
      "4  -0.027950   0.001359 -0.032117   0.000000  0.011108  -0.003774   0.030702   \n",
      "\n",
      "   -0.084338  -0.084821   0.081127  ...  -0.049128  -0.094203       0.1  \\\n",
      "0   0.102639   0.154634   0.130871  ...  -0.029639   0.160000 -0.083081   \n",
      "1  -0.031031  -0.013519  -0.117281  ...  -0.014870  -0.006897 -0.178512   \n",
      "2   0.067736   0.018844   0.013110  ...   0.052459  -0.055556 -0.051674   \n",
      "3   0.035753  -0.121480   0.033673  ...   0.046823   0.077206  0.036358   \n",
      "4   0.004454  -0.055981  -0.016692  ...  -0.017314   0.126280  0.056114   \n",
      "\n",
      "   -0.083417   0.109715  -0.025634   0.015899  -0.014392   0.042297  -0.010116  \n",
      "0  -0.021158  -0.019817   0.030551  -0.021737   0.003431   0.004292  -0.065693  \n",
      "1   0.004320  -0.009998  -0.049396   0.000881  -0.068494  -0.036105   0.003123  \n",
      "2   0.058668  -0.050943   0.096973   0.014222   0.087317   0.034290   0.004675  \n",
      "3   0.023387  -0.172145   0.128671   0.077061   0.014368   0.068786   0.062015  \n",
      "4   0.025827   0.000000  -0.020984  -0.011383   0.000000   0.055192   0.016058  \n",
      "\n",
      "[5 rows x 83 columns]\n"
     ]
    }
   ],
   "source": [
    "import pandas as pd\n",
    "import numpy as np\n",
    "\n",
    "file_path = r'C:\\Users\\newus\\Desktop\\Applied Project\\asset_returns.xlsx'\n",
    "data = pd.read_excel(file_path)\n",
    "\n",
    "# Display the first few rows of the data\n",
    "print(data.head())\n"
   ]
  },
  {
   "cell_type": "code",
   "execution_count": 108,
   "id": "5ab394ce",
   "metadata": {},
   "outputs": [],
   "source": [
    "\n",
    "\n",
    "def rolling_mean_with_step_fast(df, window, step):\n",
    "    \"\"\"\n",
    "    Optimized rolling mean using NumPy stride tricks.\n",
    "    Fully equivalent to your original rolling_mean_with_step().\n",
    "    \"\"\"\n",
    "\n",
    "    # DataFrame → numpy array\n",
    "    X = df.to_numpy()\n",
    "    n_rows, n_cols = X.shape\n",
    "\n",
    "    # How many windows?\n",
    "    n_windows = (n_rows - window) // step + 1\n",
    "\n",
    "    # Strides (no copies)\n",
    "    stride0, stride1 = X.strides\n",
    "    windows = np.lib.stride_tricks.as_strided(\n",
    "        X,\n",
    "        shape=(n_windows, window, n_cols),\n",
    "        strides=(step * stride0, stride0, stride1),\n",
    "        writeable=False\n",
    "    )\n",
    "\n",
    "    # Compute each window mean\n",
    "    means = windows.mean(axis=1)  # shape: (n_windows, n_cols)\n",
    "\n",
    "    # Index of each window\n",
    "    index = list(range(0, n_rows - window + 1, step))\n",
    "\n",
    "    # Return perfect replacement\n",
    "    return pd.DataFrame(means, index=index, columns=df.columns)\n"
   ]
  },
  {
   "cell_type": "code",
   "execution_count": 109,
   "id": "c7fcdaee",
   "metadata": {},
   "outputs": [
    {
     "name": "stdout",
     "output_type": "stream",
     "text": [
      "\n",
      "Rolling Mean (window=3, step=2):\n",
      "      Asset 1   Asset 2   Asset 3   Asset 4   Asset 5   Asset 6   Asset 7  \\\n",
      "0    0.001711  0.004165  0.002215  0.002276  0.002809  0.002226  0.004360   \n",
      "24   0.002084  0.004553  0.001308  0.001031  0.003412  0.002031  0.004824   \n",
      "48   0.001366  0.004465  0.001116  0.001313  0.003928  0.001765  0.005723   \n",
      "72   0.000535  0.004251  0.000398  0.001566  0.003296  0.001848  0.005170   \n",
      "96   0.000349  0.004446 -0.000026  0.000997  0.001603  0.000548  0.002726   \n",
      "120  0.000184  0.004233  0.000669  0.000448  0.002679  0.000244  0.002723   \n",
      "144 -0.001981  0.003218  0.000016  0.000374 -0.004105 -0.000192  0.002142   \n",
      "168  0.000597  0.002738 -0.000536  0.000100  0.000072 -0.000307  0.002236   \n",
      "192  0.000442  0.002232 -0.000539  0.001123 -0.001392  0.000239  0.003093   \n",
      "216  0.000171  0.002489 -0.000741  0.001878 -0.001108 -0.000907  0.004172   \n",
      "240  0.000726  0.002739 -0.000151  0.001548 -0.001237  0.000359  0.004310   \n",
      "264  0.000370  0.002937  0.000491  0.000787 -0.001845 -0.000048  0.003802   \n",
      "288  0.000097  0.002921  0.001161  0.000600 -0.002831  0.000090  0.004287   \n",
      "312  0.000747  0.003417  0.001325  0.001326 -0.002260 -0.000383  0.005092   \n",
      "336  0.001764  0.003111  0.000980  0.001754  0.003787 -0.000041  0.004635   \n",
      "360  0.001802  0.004176  0.002223  0.002967  0.001922  0.000182  0.005477   \n",
      "384  0.000167  0.003135  0.001323  0.002639  0.002355 -0.000660  0.003303   \n",
      "408  0.000003  0.002518  0.001888  0.002812  0.002733  0.000204  0.002096   \n",
      "432  0.000338  0.002231  0.001122  0.001229  0.002097  0.001051  0.002857   \n",
      "456  0.000050  0.002046  0.001356  0.001693  0.003806  0.000472  0.002807   \n",
      "480  0.001245  0.001862  0.000521  0.002123  0.006086  0.000469  0.002961   \n",
      "\n",
      "      Asset 8   Asset 9  Asset 10  ...  Asset 74  Asset 75  Asset 76  \\\n",
      "0    0.001959  0.002302  0.000095  ...  0.002882  0.005978  0.005494   \n",
      "24   0.001691  0.002627  0.001902  ...  0.003683  0.006866  0.007285   \n",
      "48   0.001532  0.001138  0.001575  ...  0.003711  0.007060  0.005409   \n",
      "72   0.002336  0.000347  0.001873  ...  0.003428  0.005521  0.004072   \n",
      "96   0.001216 -0.000978  0.000605  ...  0.002643  0.002528  0.000383   \n",
      "120  0.001120  0.001233 -0.000993  ...  0.001931  0.002472  0.001523   \n",
      "144  0.000368  0.001040 -0.006510  ...  0.000913  0.000734 -0.000899   \n",
      "168 -0.000228  0.000873 -0.001350  ...  0.000100  0.000610  0.001156   \n",
      "192  0.000455  0.001017 -0.003271  ...  0.000214  0.000783  0.001000   \n",
      "216  0.000414  0.000650 -0.001922  ...  0.000198  0.000234  0.002233   \n",
      "240  0.001873  0.000824 -0.001903  ...  0.000679 -0.000881  0.001539   \n",
      "264  0.001499  0.002005 -0.003250  ...  0.001134  0.000852  0.002175   \n",
      "288  0.001865  0.002062 -0.005021  ...  0.000941  0.002903  0.002629   \n",
      "312  0.001257  0.001376 -0.001811  ...  0.001937  0.003813  0.002485   \n",
      "336  0.001811  0.000655  0.002666  ...  0.002240  0.004874  0.004528   \n",
      "360  0.001942  0.001424  0.002479  ...  0.002325  0.005884  0.004839   \n",
      "384  0.001450  0.001123  0.003310  ...  0.002961  0.005719  0.003841   \n",
      "408  0.001639  0.001846  0.003307  ...  0.002755  0.007009  0.001862   \n",
      "432  0.001537  0.002335  0.001979  ...  0.001907  0.005809  0.001357   \n",
      "456  0.000620  0.002497  0.002750  ...  0.002094  0.005890  0.001832   \n",
      "480  0.000044  0.002471  0.005582  ...  0.002123  0.006285  0.003495   \n",
      "\n",
      "     Asset 77  Asset 78  Asset 79  Asset 80  Asset 81  Asset 82  Asset 83  \n",
      "0    0.002653  0.014699  0.006470  0.002881  0.000582  0.001335  0.005519  \n",
      "24   0.003295  0.017262  0.007970  0.004720  0.000742  0.002208  0.005932  \n",
      "48   0.003091  0.015204  0.008161  0.003689  0.001337  0.002391  0.007198  \n",
      "72   0.001352  0.012450  0.007056  0.003103  0.001261  0.001526  0.006888  \n",
      "96  -0.001060  0.006125  0.005455  0.001801  0.000194  0.000349  0.005998  \n",
      "120 -0.001767  0.002895  0.003538  0.001107  0.001384  0.000423  0.003179  \n",
      "144 -0.004604 -0.002112  0.003146 -0.004270  0.000494 -0.001846  0.001418  \n",
      "168  0.003372  0.000317  0.003451 -0.001577  0.001123 -0.002011  0.003503  \n",
      "192  0.002065 -0.001327  0.001336 -0.002646  0.001164 -0.001045  0.005805  \n",
      "216  0.002206  0.001483  0.001070 -0.003041  0.001160 -0.000780  0.005780  \n",
      "240  0.002478  0.002961 -0.000375 -0.002210  0.000254 -0.000128  0.005584  \n",
      "264  0.003456  0.004869  0.000757 -0.001894  0.001180  0.000481  0.004915  \n",
      "288  0.004642  0.007982  0.002736 -0.002712  0.001853  0.000830  0.006165  \n",
      "312  0.009444  0.010092  0.004459 -0.001677  0.003074  0.002166  0.006315  \n",
      "336  0.009457  0.013726  0.003447  0.001345  0.002877  0.002685  0.007502  \n",
      "360  0.006206  0.014272  0.005538  0.001009  0.003881  0.003999  0.007294  \n",
      "384  0.004820  0.013112  0.004912  0.000042  0.003653  0.003151  0.004637  \n",
      "408  0.005151  0.012361  0.006738  0.000218  0.004715  0.002571  0.004705  \n",
      "432  0.004464  0.012123  0.005957  0.000416  0.005451  0.002514  0.002798  \n",
      "456  0.004101  0.010295  0.005142  0.000773  0.005470  0.002329  0.003537  \n",
      "480  0.006138  0.011070  0.005750  0.000881  0.005914  0.003305  0.003277  \n",
      "\n",
      "[21 rows x 83 columns]\n"
     ]
    }
   ],
   "source": [
    "window_size = 200\n",
    "step_size = 24\n",
    "n = data.shape[1]\n",
    "rolling_means = rolling_mean_with_step_fast(data, window_size, step_size)\n",
    "\n",
    "# Rename the columns\n",
    "rolling_means.columns = [f\"Asset {i+1}\" for i in range(len(rolling_means.columns))]\n",
    "\n",
    "# Display the rolling means\n",
    "print(\"\\nRolling Mean (window=3, step=2):\")\n",
    "print(rolling_means)\n",
    "def rolling_covariance_opt(df, window, step):\n",
    "    arr = df.to_numpy()                       # Convert once → contiguous array\n",
    "    n_rows, n_cols = arr.shape\n",
    "\n",
    "    covariances = {}\n",
    "    indices = []\n",
    "\n",
    "    for start in range(0, n_rows - window + 1, step):\n",
    "        window_arr = arr[start:start+window]  # contiguous slice → no copies\n",
    "\n",
    "        # Compute covariance manually via NumPy (vectorized)\n",
    "        X = window_arr - window_arr.mean(axis=0)\n",
    "        cov = (X.T @ X) / (len(window_arr) - 1)\n",
    "\n",
    "        covariances[start] = cov\n",
    "        indices.append(start)\n",
    "\n",
    "    return covariances\n"
   ]
  },
  {
   "cell_type": "code",
   "execution_count": 110,
   "id": "9b31c5af",
   "metadata": {},
   "outputs": [
    {
     "name": "stdout",
     "output_type": "stream",
     "text": [
      "\n",
      "Covariance Matrix for 0:\n",
      "[[6.00640129e-04 1.98788621e-04 4.09617135e-04 ... 3.71011494e-04\n",
      "  2.98327199e-04 1.19038641e-04]\n",
      " [1.98788621e-04 7.39864854e-04 2.02521283e-04 ... 1.48371400e-04\n",
      "  2.79831871e-04 5.22793790e-05]\n",
      " [4.09617135e-04 2.02521283e-04 1.27088096e-03 ... 2.38639527e-04\n",
      "  3.78407505e-04 1.04207464e-04]\n",
      " ...\n",
      " [3.71011494e-04 1.48371400e-04 2.38639527e-04 ... 1.13542245e-03\n",
      "  2.15318007e-04 2.45561148e-04]\n",
      " [2.98327199e-04 2.79831871e-04 3.78407505e-04 ... 2.15318007e-04\n",
      "  8.12665160e-04 7.73379517e-05]\n",
      " [1.19038641e-04 5.22793790e-05 1.04207464e-04 ... 2.45561148e-04\n",
      "  7.73379517e-05 1.19058643e-03]]\n",
      "\n",
      "Covariance Matrix for 24:\n",
      "[[4.55215084e-04 1.72408072e-04 3.20987401e-04 ... 2.68419050e-04\n",
      "  2.88694698e-04 7.00609529e-05]\n",
      " [1.72408072e-04 5.62818503e-04 1.73750918e-04 ... 2.27297218e-04\n",
      "  2.42522324e-04 8.74780205e-05]\n",
      " [3.20987401e-04 1.73750918e-04 9.62822752e-04 ... 2.09593965e-04\n",
      "  3.27847200e-04 1.76463810e-04]\n",
      " ...\n",
      " [2.68419050e-04 2.27297218e-04 2.09593965e-04 ... 1.00561194e-03\n",
      "  3.20783327e-04 2.85968837e-04]\n",
      " [2.88694698e-04 2.42522324e-04 3.27847200e-04 ... 3.20783327e-04\n",
      "  7.34580840e-04 1.43982294e-04]\n",
      " [7.00609529e-05 8.74780205e-05 1.76463810e-04 ... 2.85968837e-04\n",
      "  1.43982294e-04 1.13525859e-03]]\n",
      "\n",
      "Covariance Matrix for 48:\n",
      "[[3.63633918e-04 1.02286576e-04 1.89040644e-04 ... 1.64464850e-04\n",
      "  2.33676013e-04 6.92591464e-05]\n",
      " [1.02286576e-04 4.79023658e-04 9.27184875e-05 ... 1.69068897e-04\n",
      "  1.78498198e-04 7.05863690e-05]\n",
      " [1.89040644e-04 9.27184875e-05 6.31833199e-04 ... 1.35551349e-04\n",
      "  1.84110206e-04 1.96615087e-04]\n",
      " ...\n",
      " [1.64464850e-04 1.69068897e-04 1.35551349e-04 ... 9.28384024e-04\n",
      "  3.09747041e-04 3.13328067e-04]\n",
      " [2.33676013e-04 1.78498198e-04 1.84110206e-04 ... 3.09747041e-04\n",
      "  6.23688512e-04 1.90671226e-04]\n",
      " [6.92591464e-05 7.05863690e-05 1.96615087e-04 ... 3.13328067e-04\n",
      "  1.90671226e-04 1.16730509e-03]]\n",
      "\n",
      "Covariance Matrix for 72:\n",
      "[[3.01290486e-04 9.03717446e-05 1.91690086e-04 ... 1.58848331e-04\n",
      "  1.71622586e-04 3.71509060e-05]\n",
      " [9.03717446e-05 4.74756367e-04 1.25801900e-04 ... 2.18551200e-04\n",
      "  2.13649184e-04 1.28348992e-04]\n",
      " [1.91690086e-04 1.25801900e-04 6.06528959e-04 ... 1.42733450e-04\n",
      "  1.77704352e-04 2.02097985e-04]\n",
      " ...\n",
      " [1.58848331e-04 2.18551200e-04 1.42733450e-04 ... 9.90229373e-04\n",
      "  3.90981923e-04 3.24714319e-04]\n",
      " [1.71622586e-04 2.13649184e-04 1.77704352e-04 ... 3.90981923e-04\n",
      "  6.70894155e-04 2.01258126e-04]\n",
      " [3.71509060e-05 1.28348992e-04 2.02097985e-04 ... 3.24714319e-04\n",
      "  2.01258126e-04 1.28732098e-03]]\n",
      "\n",
      "Covariance Matrix for 96:\n",
      "[[0.00052071 0.00012562 0.00030403 ... 0.00030655 0.0003368  0.00010473]\n",
      " [0.00012562 0.00050293 0.00016262 ... 0.00019215 0.00020169 0.00015667]\n",
      " [0.00030403 0.00016262 0.00070409 ... 0.00021553 0.00028188 0.00016219]\n",
      " ...\n",
      " [0.00030655 0.00019215 0.00021553 ... 0.00121784 0.00053252 0.00027101]\n",
      " [0.0003368  0.00020169 0.00028188 ... 0.00053252 0.00109983 0.00029463]\n",
      " [0.00010473 0.00015667 0.00016219 ... 0.00027101 0.00029463 0.00174162]]\n",
      "\n",
      "Covariance Matrix for 120:\n",
      "[[0.00061121 0.00016855 0.00033246 ... 0.00038957 0.00045692 0.00015164]\n",
      " [0.00016855 0.00054624 0.00017711 ... 0.0002248  0.00022876 0.00024854]\n",
      " [0.00033246 0.00017711 0.0007927  ... 0.00028254 0.00040817 0.00019014]\n",
      " ...\n",
      " [0.00038957 0.0002248  0.00028254 ... 0.0014851  0.00074633 0.00029683]\n",
      " [0.00045692 0.00022876 0.00040817 ... 0.00074633 0.00146847 0.0003408 ]\n",
      " [0.00015164 0.00024854 0.00019014 ... 0.00029683 0.0003408  0.00210685]]\n",
      "\n",
      "Covariance Matrix for 144:\n",
      "[[0.00156509 0.00033063 0.00041333 ... 0.00037427 0.00083589 0.00052383]\n",
      " [0.00033063 0.00083327 0.00035299 ... 0.00031875 0.00049769 0.00035957]\n",
      " [0.00041333 0.00035299 0.00094323 ... 0.00028687 0.00061774 0.00026522]\n",
      " ...\n",
      " [0.00037427 0.00031875 0.00028687 ... 0.00198095 0.00092418 0.00053468]\n",
      " [0.00083589 0.00049769 0.00061774 ... 0.00092418 0.00228424 0.0009415 ]\n",
      " [0.00052383 0.00035957 0.00026522 ... 0.00053468 0.0009415  0.00307293]]\n",
      "\n",
      "Covariance Matrix for 168:\n",
      "[[0.00286219 0.00035067 0.00051073 ... 0.00044426 0.0012787  0.00067584]\n",
      " [0.00035067 0.00084637 0.00034422 ... 0.00030535 0.00046673 0.00035767]\n",
      " [0.00051073 0.00034422 0.0009982  ... 0.00031991 0.00066798 0.0002732 ]\n",
      " ...\n",
      " [0.00044426 0.00030535 0.00031991 ... 0.00198725 0.0009336  0.00052849]\n",
      " [0.0012787  0.00046673 0.00066798 ... 0.0009336  0.00277251 0.00101055]\n",
      " [0.00067584 0.00035767 0.0002732  ... 0.00052849 0.00101055 0.00329128]]\n",
      "\n",
      "Covariance Matrix for 192:\n",
      "[[0.00300392 0.00037534 0.00055758 ... 0.00047697 0.00124299 0.00085749]\n",
      " [0.00037534 0.00081791 0.00033732 ... 0.00032499 0.00048626 0.00041116]\n",
      " [0.00055758 0.00033732 0.00098477 ... 0.00031041 0.00066816 0.00027334]\n",
      " ...\n",
      " [0.00047697 0.00032499 0.00031041 ... 0.00190258 0.00094387 0.00057425]\n",
      " [0.00124299 0.00048626 0.00066816 ... 0.00094387 0.00285167 0.00108179]\n",
      " [0.00085749 0.00041116 0.00027334 ... 0.00057425 0.00108179 0.00339416]]\n",
      "\n",
      "Covariance Matrix for 216:\n",
      "[[0.00308876 0.00040105 0.00056685 ... 0.0004712  0.00127264 0.00086548]\n",
      " [0.00040105 0.0008517  0.0003505  ... 0.00030683 0.00045481 0.00042997]\n",
      " [0.00056685 0.0003505  0.00099159 ... 0.00031109 0.00066636 0.00027047]\n",
      " ...\n",
      " [0.0004712  0.00030683 0.00031109 ... 0.00184095 0.00085863 0.00045359]\n",
      " [0.00127264 0.00045481 0.00066636 ... 0.00085863 0.00282744 0.00103572]\n",
      " [0.00086548 0.00042997 0.00027047 ... 0.00045359 0.00103572 0.00331963]]\n",
      "\n",
      "Covariance Matrix for 240:\n",
      "[[0.00312923 0.00041483 0.00055043 ... 0.00043884 0.00126037 0.00088599]\n",
      " [0.00041483 0.00086648 0.00037382 ... 0.00029596 0.00049645 0.0004448 ]\n",
      " [0.00055043 0.00037382 0.00100656 ... 0.00028711 0.00067068 0.00025819]\n",
      " ...\n",
      " [0.00043884 0.00029596 0.00028711 ... 0.00189769 0.00088755 0.00043605]\n",
      " [0.00126037 0.00049645 0.00067068 ... 0.00088755 0.00289842 0.00104918]\n",
      " [0.00088599 0.0004448  0.00025819 ... 0.00043605 0.00104918 0.00338219]]\n",
      "\n",
      "Covariance Matrix for 264:\n",
      "[[0.00317506 0.00042516 0.00054795 ... 0.00046141 0.0012855  0.00087062]\n",
      " [0.00042516 0.00088336 0.00041355 ... 0.00024842 0.00045995 0.00045925]\n",
      " [0.00054795 0.00041355 0.00099447 ... 0.00025094 0.00067469 0.0002376 ]\n",
      " ...\n",
      " [0.00046141 0.00024842 0.00025094 ... 0.0018715  0.00079576 0.00039257]\n",
      " [0.0012855  0.00045995 0.00067469 ... 0.00079576 0.00284015 0.00096423]\n",
      " [0.00087062 0.00045925 0.0002376  ... 0.00039257 0.00096423 0.0032594 ]]\n",
      "\n",
      "Covariance Matrix for 288:\n",
      "[[0.00320397 0.00047356 0.00058141 ... 0.00036486 0.00132098 0.00088515]\n",
      " [0.00047356 0.00087453 0.00043779 ... 0.00028681 0.00051347 0.00050115]\n",
      " [0.00058141 0.00043779 0.00098327 ... 0.00025199 0.00070806 0.00032626]\n",
      " ...\n",
      " [0.00036486 0.00028681 0.00025199 ... 0.00170622 0.00071146 0.00041922]\n",
      " [0.00132098 0.00051347 0.00070806 ... 0.00071146 0.00256933 0.00096396]\n",
      " [0.00088515 0.00050115 0.00032626 ... 0.00041922 0.00096396 0.0031435 ]]\n",
      "\n",
      "Covariance Matrix for 312:\n",
      "[[0.00317334 0.0004583  0.00047192 ... 0.00036637 0.00117768 0.00083244]\n",
      " [0.0004583  0.00083461 0.0004599  ... 0.00027849 0.00049931 0.00042653]\n",
      " [0.00047192 0.0004599  0.00081813 ... 0.00021517 0.00057868 0.00034182]\n",
      " ...\n",
      " [0.00036637 0.00027849 0.00021517 ... 0.00152392 0.0005986  0.0004395 ]\n",
      " [0.00117768 0.00049931 0.00057868 ... 0.0005986  0.00232461 0.00093905]\n",
      " [0.00083244 0.00042653 0.00034182 ... 0.0004395  0.00093905 0.00276057]]\n",
      "\n",
      "Covariance Matrix for 336:\n",
      "[[0.00259393 0.0003704  0.00039232 ... 0.00049965 0.00096056 0.00065969]\n",
      " [0.0003704  0.00057132 0.00028453 ... 0.00015721 0.00029413 0.0003255 ]\n",
      " [0.00039232 0.00028453 0.00058677 ... 0.00014326 0.00031733 0.00025395]\n",
      " ...\n",
      " [0.00049965 0.00015721 0.00014326 ... 0.00101333 0.00035329 0.00021979]\n",
      " [0.00096056 0.00029413 0.00031733 ... 0.00035329 0.00158536 0.00042906]\n",
      " [0.00065969 0.0003255  0.00025395 ... 0.00021979 0.00042906 0.00185587]]\n",
      "\n",
      "Covariance Matrix for 360:\n",
      "[[0.00110157 0.00025876 0.00025338 ... 0.0003513  0.00027219 0.00035293]\n",
      " [0.00025876 0.00051417 0.00026742 ... 0.00015502 0.00023663 0.00027178]\n",
      " [0.00025338 0.00026742 0.00048119 ... 0.00014098 0.00019743 0.00027601]\n",
      " ...\n",
      " [0.0003513  0.00015502 0.00014098 ... 0.00098975 0.00025121 0.00015731]\n",
      " [0.00027219 0.00023663 0.00019743 ... 0.00025121 0.0009326  0.00034995]\n",
      " [0.00035293 0.00027178 0.00027601 ... 0.00015731 0.00034995 0.00148995]]\n",
      "\n",
      "Covariance Matrix for 384:\n",
      "[[8.79903280e-04 2.82291564e-04 2.39138285e-04 ... 3.52528284e-04\n",
      "  3.47610221e-04 1.82047270e-04]\n",
      " [2.82291564e-04 5.29939490e-04 2.98935673e-04 ... 1.71737495e-04\n",
      "  3.03010280e-04 3.01349145e-04]\n",
      " [2.39138285e-04 2.98935673e-04 5.03368799e-04 ... 1.33235117e-04\n",
      "  2.37222614e-04 2.49221836e-04]\n",
      " ...\n",
      " [3.52528284e-04 1.71737495e-04 1.33235117e-04 ... 1.00764641e-03\n",
      "  2.87299994e-04 8.56003952e-05]\n",
      " [3.47610221e-04 3.03010280e-04 2.37222614e-04 ... 2.87299994e-04\n",
      "  8.32259549e-04 2.87925656e-04]\n",
      " [1.82047270e-04 3.01349145e-04 2.49221836e-04 ... 8.56003952e-05\n",
      "  2.87925656e-04 1.27121382e-03]]\n",
      "\n",
      "Covariance Matrix for 408:\n",
      "[[8.42230638e-04 2.74067854e-04 2.62000719e-04 ... 3.67724469e-04\n",
      "  3.66406194e-04 1.83513548e-04]\n",
      " [2.74067854e-04 5.30579357e-04 3.19994766e-04 ... 1.55428601e-04\n",
      "  3.37297011e-04 2.60571606e-04]\n",
      " [2.62000719e-04 3.19994766e-04 4.97804177e-04 ... 1.22232074e-04\n",
      "  2.69128148e-04 1.92671784e-04]\n",
      " ...\n",
      " [3.67724469e-04 1.55428601e-04 1.22232074e-04 ... 9.76871868e-04\n",
      "  2.72776684e-04 9.46965677e-05]\n",
      " [3.66406194e-04 3.37297011e-04 2.69128148e-04 ... 2.72776684e-04\n",
      "  8.44007829e-04 2.82119281e-04]\n",
      " [1.83513548e-04 2.60571606e-04 1.92671784e-04 ... 9.46965677e-05\n",
      "  2.82119281e-04 1.20980239e-03]]\n",
      "\n",
      "Covariance Matrix for 432:\n",
      "[[7.92789486e-04 2.60043136e-04 1.91076872e-04 ... 3.15877250e-04\n",
      "  2.94860441e-04 9.24114823e-05]\n",
      " [2.60043136e-04 5.08296355e-04 2.61242236e-04 ... 1.17532934e-04\n",
      "  2.75202646e-04 2.07425044e-04]\n",
      " [1.91076872e-04 2.61242236e-04 4.79995061e-04 ... 8.05475480e-05\n",
      "  1.88927378e-04 1.75105355e-04]\n",
      " ...\n",
      " [3.15877250e-04 1.17532934e-04 8.05475480e-05 ... 9.70694325e-04\n",
      "  1.88590518e-04 6.24744450e-05]\n",
      " [2.94860441e-04 2.75202646e-04 1.88927378e-04 ... 1.88590518e-04\n",
      "  6.89254943e-04 2.09884881e-04]\n",
      " [9.24114823e-05 2.07425044e-04 1.75105355e-04 ... 6.24744450e-05\n",
      "  2.09884881e-04 1.21356685e-03]]\n",
      "\n",
      "Covariance Matrix for 456:\n",
      "[[0.00078334 0.00031811 0.00022593 ... 0.00037239 0.00029864 0.00015313]\n",
      " [0.00031811 0.00055054 0.00028548 ... 0.00021781 0.00023614 0.00022205]\n",
      " [0.00022593 0.00028548 0.00053628 ... 0.00018158 0.00025146 0.00019558]\n",
      " ...\n",
      " [0.00037239 0.00021781 0.00018158 ... 0.0009592  0.00021897 0.00012605]\n",
      " [0.00029864 0.00023614 0.00025146 ... 0.00021897 0.00092914 0.00018971]\n",
      " [0.00015313 0.00022205 0.00019558 ... 0.00012605 0.00018971 0.00135379]]\n",
      "\n",
      "Covariance Matrix for 480:\n",
      "[[7.34182524e-04 2.66522250e-04 1.98522035e-04 ... 3.59455557e-04\n",
      "  2.17699286e-04 4.73508395e-05]\n",
      " [2.66522250e-04 5.64240687e-04 2.78755172e-04 ... 2.32639721e-04\n",
      "  1.91448884e-04 1.28816264e-04]\n",
      " [1.98522035e-04 2.78755172e-04 5.21270738e-04 ... 2.06352575e-04\n",
      "  2.23151860e-04 1.17010030e-04]\n",
      " ...\n",
      " [3.59455557e-04 2.32639721e-04 2.06352575e-04 ... 9.65634334e-04\n",
      "  1.99648724e-04 9.87614238e-05]\n",
      " [2.17699286e-04 1.91448884e-04 2.23151860e-04 ... 1.99648724e-04\n",
      "  8.08160275e-04 1.12921457e-04]\n",
      " [4.73508395e-05 1.28816264e-04 1.17010030e-04 ... 9.87614238e-05\n",
      "  1.12921457e-04 1.16771272e-03]]\n"
     ]
    }
   ],
   "source": [
    "rolling_covariances = rolling_covariance_opt(data, window_size, step_size)\n",
    "\n",
    "# Display the rolling covariances\n",
    "for window, cov_matrix in rolling_covariances.items():\n",
    "        print(f\"\\nCovariance Matrix for {window}:\")\n",
    "        print(cov_matrix)"
   ]
  },
  {
   "cell_type": "code",
   "execution_count": 111,
   "id": "ee3d7e09",
   "metadata": {},
   "outputs": [
    {
     "name": "stdout",
     "output_type": "stream",
     "text": [
      "\n",
      "OOS Rolling Mean (window=2, step=2):\n",
      "           -0.005763  -0.026772  -0.08766   0.026042  -0.00365  -0.074595  \\\n",
      "window 1    0.005041   0.004132 -0.001368   0.005948  0.007677  -0.000555   \n",
      "window 2   -0.004316   0.003053  0.001692   0.002826  0.007128  -0.001103   \n",
      "window 3    0.001000   0.003578 -0.004219   0.007425 -0.002511  -0.000249   \n",
      "window 4   -0.005449   0.004994 -0.007907  -0.004257 -0.011730  -0.004681   \n",
      "window 5    0.004868  -0.000028  0.007240  -0.003029  0.008096   0.002130   \n",
      "window 6   -0.021944  -0.001919 -0.003687  -0.000932 -0.052593  -0.003203   \n",
      "window 7    0.025143   0.003506  0.002731   0.001693  0.041107   0.006042   \n",
      "window 8    0.001086   0.003897  0.002434   0.001767 -0.002815   0.006646   \n",
      "window 9   -0.002182   0.004163 -0.002769   0.003407  0.002928  -0.014204   \n",
      "window 10   0.002546   0.005555  0.004493   0.007941  0.008098   0.007894   \n",
      "window 11  -0.003055   0.003045  0.000487  -0.002726 -0.008592  -0.002988   \n",
      "window 12  -0.008772   0.002891  0.002815   0.002573 -0.013915   0.001131   \n",
      "window 13   0.005130   0.003545  0.001890   0.000439  0.001072  -0.002815   \n",
      "window 14   0.005164   0.000567 -0.000147   0.000271  0.008148   0.002503   \n",
      "window 15   0.004777   0.006000  0.006209   0.005437  0.017084   0.002266   \n",
      "window 16  -0.000367  -0.003597 -0.001595   0.005694  0.005409  -0.001139   \n",
      "window 17  -0.004546  -0.000629  0.002291   0.001432  0.004970   0.004296   \n",
      "window 18   0.003608   0.004545 -0.004414  -0.003381 -0.000783   0.000657   \n",
      "window 19  -0.002791   0.001025  0.002778   0.005160  0.008451  -0.001734   \n",
      "window 20  -0.001029   0.002554 -0.003691   0.002421  0.006989  -0.005498   \n",
      "\n",
      "           -0.057377  -0.084338  -0.084821   0.081127  ...  -0.049128  \\\n",
      "window 1    0.003139   0.003017   0.007069   0.005769  ...   0.008564   \n",
      "window 2    0.004324  -0.001903  -0.004917   0.001886  ...   0.001656   \n",
      "window 3    0.010423   0.003848  -0.003704  -0.000890  ...  -0.000627   \n",
      "window 4   -0.013355  -0.006976  -0.012204  -0.009057  ...  -0.001090   \n",
      "window 5    0.007418   0.003643   0.014819  -0.012169  ...  -0.001045   \n",
      "window 6   -0.003668  -0.002097  -0.001737  -0.043001  ...  -0.007002   \n",
      "window 7    0.012296   0.000255   0.007233   0.042643  ...  -0.004192   \n",
      "window 8    0.009279   0.005336   0.003939  -0.006957  ...   0.007318   \n",
      "window 9    0.006986  -0.000139   0.002714   0.008438  ...   0.005034   \n",
      "window 10   0.007198   0.009637  -0.003074   0.005565  ...   0.006645   \n",
      "window 11  -0.001385   0.000889   0.001566  -0.014332  ...  -0.000554   \n",
      "window 12   0.000717   0.002215  -0.003070  -0.024059  ...   0.002424   \n",
      "window 13   0.005660  -0.001724  -0.002281   0.011649  ...   0.004794   \n",
      "window 14   0.002713   0.001886   0.003886   0.014802  ...  -0.001004   \n",
      "window 15   0.010303  -0.000097   0.006031   0.008340  ...   0.002357   \n",
      "window 16  -0.002504  -0.000356  -0.001367   0.018184  ...   0.001584   \n",
      "window 17  -0.004205   0.003075   0.009039   0.003474  ...   0.001791   \n",
      "window 18   0.007349   0.004794   0.007292  -0.001565  ...   0.002631   \n",
      "window 19   0.003066  -0.004593  -0.000704   0.000257  ...   0.002001   \n",
      "window 20  -0.000478  -0.007240  -0.000751   0.004094  ...   0.003854   \n",
      "\n",
      "           -0.094203       0.1  -0.083417   0.109715  -0.025634   0.015899  \\\n",
      "window 1    0.013205  0.010633   0.009278  -0.006169   0.013484   0.014744   \n",
      "window 2    0.004800  0.004017   0.004676   0.004812   0.011037  -0.003417   \n",
      "window 3   -0.002619 -0.003000  -0.010229  -0.013062  -0.002566  -0.002532   \n",
      "window 4   -0.022548 -0.022224  -0.018148  -0.027570  -0.008663  -0.006911   \n",
      "window 5    0.004144  0.013763  -0.004485   0.020959  -0.001703   0.002450   \n",
      "window 6   -0.005713 -0.018021  -0.015891  -0.027338   0.002041  -0.041761   \n",
      "window 7    0.004339  0.019203   0.058691   0.035747   0.005480   0.023351   \n",
      "window 8    0.013217  0.008289  -0.001078   0.006479  -0.004304  -0.000444   \n",
      "window 9   -0.003820  0.007254   0.002943   0.007817   0.001142  -0.003343   \n",
      "window 10   0.007639  0.006979   0.010290   0.026238   0.003616   0.012109   \n",
      "window 11   0.009386  0.000977   0.001466   0.004500   0.010149  -0.003054   \n",
      "window 12   0.000688 -0.007316  -0.008687   0.004780   0.005609  -0.008629   \n",
      "window 13   0.000254  0.005919   0.008685   0.012526  -0.000162   0.001549   \n",
      "window 14   0.007791  0.000610   0.005764   0.020435   0.008999   0.003122   \n",
      "window 15   0.011072  0.010548   0.012384   0.023184   0.012653   0.000340   \n",
      "window 16   0.010822  0.002407   0.006184   0.001003   0.001363  -0.001460   \n",
      "window 17   0.012948 -0.001614   0.006051   0.017581   0.010996  -0.000386   \n",
      "window 18  -0.004989  0.001944  -0.002421   0.003672  -0.003442   0.007350   \n",
      "window 19   0.010034  0.001475   0.005469   0.005089   0.002955   0.004060   \n",
      "window 20   0.003731  0.005518   0.005887  -0.004170   0.012135  -0.005513   \n",
      "\n",
      "           -0.014392   0.042297  -0.010116  \n",
      "window 1    0.003450   0.008923   0.005046  \n",
      "window 2    0.009154  -0.001312   0.013139  \n",
      "window 3   -0.003394   0.001231   0.010302  \n",
      "window 4   -0.005038  -0.009362   0.004798  \n",
      "window 5    0.007563   0.001985  -0.018517  \n",
      "window 6   -0.002414  -0.016326  -0.002385  \n",
      "window 7    0.001288   0.002357   0.019596  \n",
      "window 8    0.006179   0.011301   0.016124  \n",
      "window 9   -0.003358   0.002659   0.003098  \n",
      "window 10   0.000863   0.003640   0.007519  \n",
      "window 11   0.005484   0.005615   0.007624  \n",
      "window 12   0.000893  -0.004747   0.004941  \n",
      "window 13   0.007362   0.007109   0.004084  \n",
      "window 14   0.008800   0.005046   0.009657  \n",
      "window 15   0.005324   0.006653   0.008826  \n",
      "window 16   0.002399  -0.003055  -0.004871  \n",
      "window 17   0.006640   0.000560   0.001266  \n",
      "window 18   0.004372   0.001656  -0.009913  \n",
      "window 19   0.010036   0.004858   0.010855  \n",
      "window 20   0.004747   0.000615   0.006868  \n",
      "\n",
      "[20 rows x 83 columns]\n",
      "\n",
      "OOS Covariance Matrices:\n",
      "\n",
      "Covariance Matrix for window 1:\n",
      "           -0.005763  -0.026772  -0.08766   0.026042  -0.00365  -0.074595  \\\n",
      "-0.005763   0.000276   0.000163  0.000289   0.000150  0.000360   0.000193   \n",
      "-0.026772   0.000163   0.000380  0.000258   0.000249  0.000364   0.000185   \n",
      "-0.08766    0.000289   0.000258  0.000625   0.000177  0.000510   0.000278   \n",
      " 0.026042   0.000150   0.000249  0.000177   0.000909  0.000426   0.000309   \n",
      "-0.00365    0.000360   0.000364  0.000510   0.000426  0.001015   0.000516   \n",
      "...              ...        ...       ...        ...       ...        ...   \n",
      "-0.025634   0.000295   0.000204  0.000284   0.000188  0.000678   0.000441   \n",
      " 0.015899   0.000418   0.000390  0.000544   0.000530  0.000958   0.000578   \n",
      "-0.014392   0.000299   0.000318  0.000432   0.000425  0.000829   0.000501   \n",
      " 0.042297   0.000176   0.000317  0.000456   0.000296  0.000672   0.000422   \n",
      "-0.010116   0.000207   0.000318  0.000321   0.000633  0.000961   0.000608   \n",
      "\n",
      "           -0.057377  -0.084338  -0.084821   0.081127  ...  -0.049128  \\\n",
      "-0.005763   0.000439   0.000140   0.000283   0.000271  ...   0.000267   \n",
      "-0.026772   0.000451   0.000170   0.000334   0.000265  ...   0.000249   \n",
      "-0.08766    0.000576   0.000109   0.000679   0.000298  ...   0.000292   \n",
      " 0.026042   0.000320   0.000345   0.000139   0.000405  ...   0.000198   \n",
      "-0.00365    0.000913   0.000570   0.000689   0.000496  ...   0.000385   \n",
      "...              ...        ...        ...        ...  ...        ...   \n",
      "-0.025634   0.000395   0.000478   0.000467   0.000402  ...   0.000287   \n",
      " 0.015899   0.000991   0.000591   0.000611   0.000558  ...   0.000487   \n",
      "-0.014392   0.000766   0.000595   0.000730   0.000535  ...   0.000282   \n",
      " 0.042297   0.000502   0.000467   0.000545   0.000411  ...   0.000292   \n",
      "-0.010116   0.000637   0.000700   0.000519   0.000359  ...   0.000169   \n",
      "\n",
      "           -0.094203       0.1  -0.083417   0.109715  -0.025634   0.015899  \\\n",
      "-0.005763   0.000493  0.000188   0.000124   0.000232   0.000295   0.000418   \n",
      "-0.026772   0.000397  0.000247   0.000188   0.000408   0.000204   0.000390   \n",
      "-0.08766    0.000473  0.000549   0.000129   0.000136   0.000284   0.000544   \n",
      " 0.026042   0.000848  0.000463   0.000229   0.001185   0.000188   0.000530   \n",
      "-0.00365    0.001091  0.000638   0.000634   0.000633   0.000678   0.000958   \n",
      "...              ...       ...        ...        ...        ...        ...   \n",
      "-0.025634   0.000981  0.000427   0.000294   0.000715   0.000869   0.000711   \n",
      " 0.015899   0.001209  0.000694   0.000547   0.000941   0.000711   0.001220   \n",
      "-0.014392   0.001370  0.000526   0.000695   0.001441   0.000539   0.000753   \n",
      " 0.042297   0.000578  0.000580   0.000503   0.000714   0.000409   0.000747   \n",
      "-0.010116   0.001560  0.000703   0.000961   0.001623   0.000596   0.000966   \n",
      "\n",
      "           -0.014392   0.042297  -0.010116  \n",
      "-0.005763   0.000299   0.000176   0.000207  \n",
      "-0.026772   0.000318   0.000317   0.000318  \n",
      "-0.08766    0.000432   0.000456   0.000321  \n",
      " 0.026042   0.000425   0.000296   0.000633  \n",
      "-0.00365    0.000829   0.000672   0.000961  \n",
      "...              ...        ...        ...  \n",
      "-0.025634   0.000539   0.000409   0.000596  \n",
      " 0.015899   0.000753   0.000747   0.000966  \n",
      "-0.014392   0.001362   0.000715   0.001107  \n",
      " 0.042297   0.000715   0.001040   0.000715  \n",
      "-0.010116   0.001107   0.000715   0.001649  \n",
      "\n",
      "[83 rows x 83 columns]\n",
      "\n",
      "Covariance Matrix for window 2:\n",
      "           -0.005763  -0.026772  -0.08766   0.026042  -0.00365  -0.074595  \\\n",
      "-0.005763   0.000244  -0.000024  0.000189   0.000062  0.000080   0.000150   \n",
      "-0.026772  -0.000024   0.000405  0.000099   0.000130  0.000082  -0.000023   \n",
      "-0.08766    0.000189   0.000099  0.000514   0.000267  0.000203   0.000159   \n",
      " 0.026042   0.000062   0.000130  0.000267   0.000675  0.000289   0.000131   \n",
      "-0.00365    0.000080   0.000082  0.000203   0.000289  0.000558   0.000263   \n",
      "...              ...        ...       ...        ...       ...        ...   \n",
      "-0.025634  -0.000087  -0.000195 -0.000056   0.000390  0.000568   0.000363   \n",
      " 0.015899   0.000130   0.000080  0.000189   0.000371  0.000339   0.000394   \n",
      "-0.014392  -0.000034   0.000004  0.000159   0.000127  0.000184   0.000227   \n",
      " 0.042297   0.000139   0.000093  0.000293   0.000300  0.000282   0.000293   \n",
      "-0.010116   0.000104  -0.000080  0.000293  -0.000071  0.000292   0.000186   \n",
      "\n",
      "           -0.057377  -0.084338  -0.084821   0.081127  ...  -0.049128  \\\n",
      "-0.005763   0.000149   0.000135   0.000227   0.000029  ...   0.000030   \n",
      "-0.026772  -0.000098  -0.000047   0.000147   0.000204  ...  -0.000018   \n",
      "-0.08766    0.000261   0.000072   0.000440   0.000173  ...   0.000126   \n",
      " 0.026042   0.000265   0.000133   0.000319   0.000282  ...   0.000105   \n",
      "-0.00365    0.000313   0.000265   0.000289   0.000179  ...   0.000231   \n",
      "...              ...        ...        ...        ...  ...        ...   \n",
      "-0.025634   0.000506   0.000470   0.000047   0.000218  ...   0.000467   \n",
      " 0.015899   0.000388   0.000352   0.000214   0.000307  ...   0.000398   \n",
      "-0.014392   0.000265   0.000119   0.000240   0.000134  ...   0.000262   \n",
      " 0.042297   0.000224   0.000165   0.000364   0.000158  ...   0.000220   \n",
      "-0.010116   0.000160   0.000102   0.000317  -0.000084  ...   0.000407   \n",
      "\n",
      "           -0.094203       0.1  -0.083417   0.109715  -0.025634   0.015899  \\\n",
      "-0.005763   0.000129 -0.000027   0.000148   0.000198  -0.000087   0.000130   \n",
      "-0.026772   0.000109  0.000040   0.000025   0.000267  -0.000195   0.000080   \n",
      "-0.08766    0.000466  0.000095   0.000218   0.000497  -0.000056   0.000189   \n",
      " 0.026042   0.000608  0.000119   0.000221   0.000553   0.000390   0.000371   \n",
      "-0.00365    0.000595  0.000284   0.000295   0.000523   0.000568   0.000339   \n",
      "...              ...       ...        ...        ...        ...        ...   \n",
      "-0.025634   0.000739  0.000586   0.000412   0.000419   0.001860   0.000689   \n",
      " 0.015899   0.000779  0.000393   0.000626   0.000572   0.000689   0.000903   \n",
      "-0.014392   0.000418  0.000272   0.000340   0.000597   0.000388   0.000245   \n",
      " 0.042297   0.000533  0.000273   0.000388   0.000559   0.000410   0.000394   \n",
      "-0.010116   0.000391  0.000280   0.000350   0.000426   0.000649   0.000310   \n",
      "\n",
      "           -0.014392   0.042297  -0.010116  \n",
      "-0.005763  -0.000034   0.000139   0.000104  \n",
      "-0.026772   0.000004   0.000093  -0.000080  \n",
      "-0.08766    0.000159   0.000293   0.000293  \n",
      " 0.026042   0.000127   0.000300  -0.000071  \n",
      "-0.00365    0.000184   0.000282   0.000292  \n",
      "...              ...        ...        ...  \n",
      "-0.025634   0.000388   0.000410   0.000649  \n",
      " 0.015899   0.000245   0.000394   0.000310  \n",
      "-0.014392   0.000591   0.000364   0.000497  \n",
      " 0.042297   0.000364   0.000654   0.000498  \n",
      "-0.010116   0.000497   0.000498   0.001333  \n",
      "\n",
      "[83 rows x 83 columns]\n",
      "\n",
      "Covariance Matrix for window 3:\n",
